1 -996801869 -996801869
2 -27074759 -27074759
3 -458342360 -458342360
4 4925235 4925235
5 4925235 4925235
6 -380644216 -380644216
7 -564908373 -564908373
8 -65364076 -65364076
9 -65364076 -65364076
10 148289326 148289326
11 148289326 148289326
12 -483529792 -483529792
13 -483529792 -483529792
14 -673475562 -673475562
15 -673475562 -673475562
16 -673475562 -673475562
17 675506335 675506335
18 163874582 163874582
19 1041247460 1041247460
20 908824046 908824046
21 -130232785 -130232785
22 -1059467499 -1059467499
23 -1059467499 -1059467499
24 -1684405246 -1684405246
25 -807198366 -807198366
26 -807198366 -807198366
27 -807198366 -807198366
28 -325918898 -325918898
29 -325918898 -325918898
30 -446683077 -446683077
31 -42729599 -42729599
32 -42729599 -42729599
33 -42729599 -42729599
34 554477619 554477619
35 932749786 932749786
36 1108193186 1108193186
37 -843657476 -843657476
38 -843657476 -843657476
39 -841121761 -841121761
40 37566375 37566375
41 747242754 747242754
42 -25817911 -25817911
43 -914136176 -914136176
44 -914136176 -914136176
45 -914136176 -914136176
46 -765777919 -765777919
47 -907040502 -907040502
48 -110697124 -110697124
49 791972310 791972310
50 791972310 791972310
51 -177325035 -177325035
52 -236116491 -236116491
53 -236116491 -236116491
54 606522561 606522561
55 125483165 125483165
56 878552811 878552811
57 878552811 878552811
58 1293905952 1293905952
59 1340746402 1340746402
60 1340746402 1340746402
61 -53803765 -53803765
62 -592079105 -592079105
63 -592079105 -592079105
64 -592079105 -592079105
65 -592079105 -592079105
66 -592079105 -592079105
67 -592079105 -592079105
68 -592079105 -592079105
69 956659878 956659878
70 -625790077 -625790077
71 -819983303 -819983303
72 -819983303 -819983303
73 -603661446 -603661446
74 -603661446 -603661446
75 -309809299 -309809299
76 584078253 584078253
77 88801610 88801610
78 88801610 88801610
79 126165773 126165773
80 -714047189 -714047189
81 -714047189 -714047189
82 -609180963 -609180963
83 -742447632 -742447632
84 -742447632 -742447632
85 -1168450885 -1168450885
86 -391100934 -391100934
87 -391100934 -391100934
88 17264456 17264456
89 17264456 17264456
90 17264456 17264456
91 -209155437 -209155437
92 81792185 81792185
93 718536510 718536510
94 903738146 903738146
95 1799260512 1799260512
96 -92188481 -92188481
97 -1055694905 -1055694905
98 -1055694905 -1055694905
99 -219796262 -219796262
100 840576667 840576667
101 840576667 840576667
102 295368013 295368013
103 295368013 295368013
104 295368013 295368013
105 -561294588 -561294588
106 27217958 27217958
107 520948514 520948514
108 520948514 520948514
109 520948514 520948514
110 829806288 829806288
111 1747621941 1747621941
112 283220938 283220938
113 1049342573 1049342573
114 1475708018 1475708018
115 1908863071 1908863071
116 1908863071 1908863071
117 1908863071 1908863071
118 494735900 494735900
119 494735900 494735900
120 494735900 494735900
121 -49334435 -49334435
122 169410382 169410382
123 169410382 169410382
124 169410382 169410382
125 169410382 169410382
126 150004964 150004964
127 275833020 275833020
128 275833020 275833020
129 -564753758 -564753758
130 832863821 832863821
131 832863821 832863821
132 1455450030 1455450030
133 210715219 210715219
134 -723875247 -723875247
135 -995930614 -995930614
136 -637886384 -637886384
137 -1191592973 -1191592973
138 -1191592973 -1191592973
139 -743293987 -743293987
140 -157838357 -157838357
141 -157838357 -157838357
142 -988864914 -988864914
143 -988864914 -988864914
144 -1660274275 -1660274275
145 -41003907 -41003907
146 -238591379 -238591379
147 -238591379 -238591379
148 403509383 403509383
149 403509383 403509383
150 -656982023 -656982023
151 -971474433 -971474433
152 -971474433 -971474433
153 437265617 437265617
154 895635952 895635952
155 968284747 968284747
156 323697437 323697437
157 307472377 307472377
158 307472377 307472377
159 444905572 444905572
160 279295010 279295010
161 450919448 450919448
162 93936619 93936619
163 93936619 93936619
164 809063142 809063142
165 1421914675 1421914675
166 2030277801 2030277801
167 2030277801 2030277801
168 1177353486 1177353486
169 -403913876 -403913876
170 414306361 414306361
171 179094493 179094493
172 504667823 504667823
173 504667823 504667823
174 504667823 504667823
175 411323431 411323431
176 411323431 411323431
177 411323431 411323431
178 1218587661 1218587661
179 1218587661 1218587661
180 1218587661 1218587661
181 1218587661 1218587661
182 -984733523 -984733523
183 660845581 660845581
184 1273106731 1273106731
185 -298703936 -298703936
186 -3944011 -3944011
187 -3944011 -3944011
188 771601061 771601061
189 771601061 771601061
190 669317418 669317418
191 341236739 341236739
192 941786966 941786966
193 1445399998 1445399998
194 370726714 370726714
195 -460020021 -460020021
196 705594094 705594094
197 705594094 705594094
198 705594094 705594094
199 705594094 705594094
200 705594094 705594094
201 -597738908 -597738908
202 49599891 49599891
203 -371824697 -371824697
204 -536246859 -536246859
205 -560204159 -560204159
206 2283498 2283498
207 640162471 640162471
208 640162471 640162471
209 228863422 228863422
210 228863422 228863422
211 228863422 228863422
212 -323125394 -323125394
213 -1035381104 -1035381104
214 -844009391 -844009391
215 -844009391 -844009391
216 -313896494 -313896494
217 582819986 582819986
218 582819986 582819986
219 -723390478 -723390478
220 -723390478 -723390478
221 -723390478 -723390478
222 -1616981463 -1616981463
223 -1616981463 -1616981463
224 -1616981463 -1616981463
225 -32215655 -32215655
226 501368152 501368152
227 -457247521 -457247521
228 -247732108 -247732108
229 26959010 26959010
230 722627059 722627059
231 722627059 722627059
232 93434808 93434808
233 -211626942 -211626942
234 486727998 486727998
235 1042980337 1042980337
236 -752042506 -752042506
237 -1694039100 -1694039100
238 -1694039100 -1694039100
239 -1722021172 -1722021172
240 -1722021172 -1722021172
241 750131747 750131747
242 1363919679 1363919679
243 496565273 496565273
244 477096461 477096461
245 -487346070 -487346070
246 -1159143782 -1159143782
247 87572747 87572747
248 87572747 87572747
249 844161455 844161455
250 1577153253 1577153253
251 -201609672 -201609672
252 -750632630 -750632630
253 -750632630 -750632630
254 -750632630 -750632630
255 -567632241 -567632241
256 -567632241 -567632241
257 -567632241 -567632241
258 -567632241 -567632241
259 -567632241 -567632241
260 -567632241 -567632241
261 -1071791646 -1071791646
262 -1071791646 -1071791646
263 617471131 617471131
264 -943878722 -943878722
265 -1706659981 -1706659981
266 532628312 532628312
267 764266709 764266709
268 764266709 764266709
269 530974542 530974542
270 530974542 530974542
271 561440211 561440211
272 -112101329 -112101329
273 -112101329 -112101329
274 -675497569 -675497569
275 -1031411266 -1031411266
276 -885847020 -885847020
277 -804888041 -804888041
278 -157175028 -157175028
279 -237803830 -237803830
280 414637355 414637355
281 -408705753 -408705753
282 -42763703 -42763703
283 -643732697 -643732697
284 -643732697 -643732697
285 -297004472 -297004472
286 42427425 42427425
287 -459138915 -459138915
288 -459138915 -459138915
289 -459138915 -459138915
290 -459138915 -459138915
291 -38800449 -38800449
292 823958434 823958434
293 1772449169 1772449169
294 1842619185 1842619185
295 1842619185 1842619185
296 1842619185 1842619185
297 1842619185 1842619185
298 -2000654823 2294312473
