1582 450
-878097420 3
969727110 1
-431267601 1
4925235 2
575413161 3
-380644216 3
-184264157 1
499544297 1
369778319 3
213653402 1
697008832 3
-483529792 3
-934239378 2
-189945770 1
844029089 3
-861915896 2
675506335 2
163874582 3
877372878 1
908824046 3
-130232785 3
-929234714 1
685173617 3
-624937747 1
877206880 1
-139076189 3
273856009 3
-325918898 2
-432359105 2
-120764179 1
403953478 1
-86565125 2
720091803 3
597207218 1
378272167 1
175443400 1
-843657476 3
-219373160 3
2535715 1
37566375 2
709676379 1
-773060665 1
-914136176 3
-97905686 3
-670260712 3
148358257 1
-141262583 1
796343378 1
791972310 2
708330506 2
-177325035 3
-58791456 1
-359606491 2
842639052 1
-481039396 1
878552811 2
-721255174 2
415353141 1
46840450 1
-559146974 2
-53803765 3
-592079105 3
-793996343 2
-639561783 2
848070109 3
-191204989 3
-306429262 3
-321490200 3
956659878 2
-625790077 3
-194193226 1
726907596 3
216321857 1
612669698 3
293852147 1
584078253 2
-495276643 1
-264748552 2
126165773 2
-714047189 3
-323596059 3
104866226 1
-133266669 1
-658724009 3
-426003253 1
777349951 1
737134030 3
408365390 1
-59424608 2
337502533 3
-209155437 3
81792185 2
718536510 2
903738146 2
895522366 1
-92188481 3
-963506424 1
27383189 3
835898643 1
840576667 2
723109343 2
-545208654 1
302401778 3
174329009 2
-561294588 3
27217958 2
520948514 2
-409007501 2
-149543166 2
829806288 2
917815653 1
283220938 3
766121635 1
426365445 1
433155053 1
584723795 2
712059007 2
494735900 3
700801238 3
-370143222 2
-49334435 3
169410382 2
-822152353 2
-736420694 2
202183049 3
150004964 3
275833020 2
44702166 2
-840586778 1
832863821 2
-860069173 2
622586209 1
210715219 3
-934590466 1
-995930614 3
-637886384 2
-553706589 1
431965256 3
448298986 1
585455630 1
392914953 3
-831026557 1
-969462510 3
-671409361 1
-41003907 2
-197587472 1
234164520 3
642100762 1
478462636 3
-656982023 3
-971474433 3
-472932056 3
437265617 2
895635952 2
72648795 1
323697437 3
-16225060 1
-689145754 2
444905572 2
279295010 3
171624438 1
93936619 3
-64651131 2
715126523 1
612851533 1
608363126 1
-669014419 2
-852924315 1
-403913876 3
414306361 2
179094493 3
504667823 2
314034086 2
-92474263 2
411323431 3
141788519 2
175712272 2
807264230 1
-601540724 2
340725830 2
-303284647 2
-984733523 3
660845581 2
612261150 1
-298703936 3
294759925 1
-396223747 2
775545072 1
859350790 3
669317418 3
-328080679 1
600550227 1
503613032 1
370726714 3
-830746735 1
705594094 2
918652418 3
-101653476 2
-535816647 2
28144333 2
-597738908 3
647338799 1
-421424588 1
-536246859 3
-23957300 1
2283498 2
637878973 1
559967713 2
-411299049 1
359667477 3
958665510 3
-323125394 3
-712255710 1
-844009391 2
-404121481 3
530112897 1
582819986 2
761014108 3
-723390478 3
525548498 3
710544484 3
-893590985 1
87222388 3
-637975078 3
-32215655 2
501368152 2
-457247521 3
-247732108 2
274691118 1
722627059 2
335718755 2
93434808 3
-305061750 1
486727998 2
556252339 1
-752042506 3
-941996594 1
-881013127 3
-27982072 1
365121059 3
750131747 2
613787932 1
-867354406 1
477096461 3
-487346070 3
-671797712 1
87572747 2
721051886 3
844161455 2
732991798 1
-201609672 3
-750632630 3
202504684 3
281013911 3
-567632241 2
198594887 3
346907824 3
-306225183 3
787100991 3
-408505602 3
-504159405 1
110316410 3
617471131 2
-943878722 3
-762781259 1
532628312 2
231638397 1
189118717 2
530974542 3
-67486106 2
30465669 1
-673541540 1
804818569 3
-563396240 1
-355913697 1
145564246 1
80958979 1
-157175028 2
-237803830 3
652441185 1
-408705753 3
-42763703 2
-643732697 3
543981284 3
-297004472 2
42427425 2
-459138915 3
213394894 3
51176510 3
-955674418 2
-38800449 2
862758883 1
948490735 1
70170016 1
109266060 2
206660514 2
-202909251 2
451693288 1
-649339227 3
597318891 2
-181396319 3
-474549655 3
41759067 2
-452982078 1
610868613 2
347199939 3
356552082 2
320446692 3
693454547 3
994392154 1
-818201973 1
216582430 2
508771363 1
-740004021 3
-190349583 3
530309460 2
884149328 1
138380312 3
-916338716 3
572545321 2
-677473273 1
-63581121 3
482535285 3
571266928 1
-572450305 1
467179901 1
36129706 1
79398276 1
108362246 3
375315682 3
-387835708 1
645543872 1
213574395 2
-188078 2
553294566 2
520029567 2
698278818 2
109979287 2
-28814329 3
876227107 3
684808249 1
-711676702 3
-964817365 1
-189251522 1
97417639 2
523935196 2
151523069 1
-728802851 2
148424335 2
786604621 2
656287829 1
-344642296 3
-721946521 3
-479580729 3
-311687802 3
929758828 3
-774146354 3
-581341095 2
408737145 2
-153775916 3
166660727 1
-680071840 1
59772272 1
415437216 3
-119605814 1
612627625 2
380501152 3
-579580070 2
789817297 3
682974179 3
417229824 1
433402212 2
81249276 3
-38432247 3
35016897 3
815164313 3
400330573 2
-139055454 3
954264901 3
-249980873 3
537535846 2
-651846889 1
-377965618 3
62180549 2
673385078 3
529226020 1
108696380 2
894195979 1
-469899972 3
-737295056 1
842138807 3
199986951 2
-457098942 2
302007087 1
-337135379 1
-107329026 2
-961834185 1
302106824 3
634132415 3
594150431 3
295473678 1
948267084 2
-217300576 2
677954677 3
-62850075 2
753587559 3
692136705 1
672522991 1
489354467 3
171350368 3
-886775207 2
-456655769 3
617308358 2
-122419394 1
-102115705 3
-797602332 3
-453133775 3
503385404 2
941852680 2
-347072279 2
718059054 2
-9285174 3
-16437060 1
897978564 2
35941543 1
-318389092 2
66215819 2
-49037954 3
342348764 1
-480831438 3
-618402814 1
588542646 3
66893847 2
724411489 2
640196922 3
-498498321 3
961995357 2
-34932544 2
-847115844 2
-88219795 3
-806992825 1
519535773 2
40724977 1
-952030363 1
980014042 3
-315638643 3
672555108 1
-732597299 2
-950024533 3
366211952 2
-359664245 3
890271998 2
578208867 1
908499730 1
-814461492 3
-23051179 2
-485238675 2
583963687 2
-508455782 2
385719686 1
312219869 2
-713753847 2
-399991922 3
-855785830 1
596895977 2
-800336221 2
-178353446 2
863611358 3
-127590657 1
-382618186 2
-408984150 2
674742597 1
-454709984 1
-393403558 2
996426784 1
-15336576 1
-373446633 3
720081506 2
828788225 2
671779389 3
-408808949 3
-675635648 3
-924611491 3
984401135 1
562875438 3
329961415 1
770661886 1
477915815 3
94646972 3
394790161 2
-920645110 3
-211107980 2
454293087 1
336044690 1
-7660841 2
-659000447 1
504583211 2
802780479 2
196443132 3
-476656670 1
255259297 2
506278502 2
-338666646 3
483152581 2
-776243317 1
-908969346 3
-772998711 3
-453549223 1
-200957079 2
-363401172 2
-470040081 2
143700263 1
-689660646 1
-713084480 2
-27432818 2
270843271 2
-515573887 1
-645976057 3
584061589 2
-635126000 2
454626753 3
698395454 3
-734354313 2
-734967537 3
34893568 2
433584299 1
720751175 3
714406781 2
-361155616 2
-91710158 3
15817742 1
-406684550 2
209066753 3
-718380578 2
212357633 3
-390739190 2
287723507 2
-797107673 3
470328274 3
399659792 1
997147257 2
688807856 2
926296230 3
-661819419 1
574389221 3
-906960545 3
-243271152 1
-563332329 2
68419766 1
562473167 1
804786880 1
942783524 3
-681066782 3
571480798 3
290823790 1
709100523 1
28252458 3
-845114048 3
931837747 2
-698160750 3
-977266214 3
236512573 3
-397519085 1
438033758 1
901535082 3
509946395 2
-486217787 1
-608254607 1
-20116011 3
599661701 1
380527440 3
-284540300 3
596818830 1
-585762568 1
-609206554 2
-967201173 2
-79765819 1
716141901 1
415683761 1
495450147 3
505822007 1
-457514692 1
-304314713 1
594452085 1
-430552005 3
-254210263 2
-596176924 3
-614685181 1
-837507852 3
52340401 3
284745520 3
844183812 3
951703906 1
-41066750 2
528971837 2
-512880462 2
-919538696 2
995858129 1
-199068173 2
954359295 2
-222067821 1
-225754293 3
746152209 1
719976782 1
261081957 3
441010863 1
-92170386 1
557154166 2
969508534 1
-139178851 2
-239479744 1
-772487515 1
330212622 3
-573397036 2
-242482657 3
-250972960 3
-215388439 3
-573241511 3
65746377 1
697441686 2
-953055128 3
154979423 1
84663726 2
-698977909 2
-882173849 2
189164347 1
149247262 1
390425923 3
-924508599 2
834395818 1
301511049 1
-562959072 2
-470945814 3
512876000 1
829379360 2
564168264 2
48879679 3
-189856187 3
962617489 2
-464280543 2
70170975 1
-302127290 3
-47520471 1
-697097472 3
-671011020 2
903677040 1
169177969 3
-573844157 3
605068432 3
694248118 3
-696370333 2
258155291 1
136503890 3
543307268 3
-190145405 2
696436677 2
-139786685 3
457627678 3
-804558428 3
-957454968 3
-462384416 2
-75487846 1
-343690963 1
-4298968 2
877848870 2
175318079 3
-980758601 2
-336894510 3
547017940 3
638326097 3
-917999607 2
-396836414 3
835942177 2
-571256275 2
-402953046 3
914568721 1
-606164267 1
-679851378 1
-268937227 2
22324837 1
-213345552 3
521628340 2
946795316 1
961559190 2
-336549369 1
883100281 3
956839093 1
821048752 1
289699015 3
257026205 2
-278161292 3
852814837 2
-4819453 3
782536302 3
-300911496 2
176288714 2
915175004 2
-471380674 2
380807450 1
609306659 2
707247325 2
-583363252 3
-183149962 1
-829145098 1
-368243710 3
-870438645 3
461563451 3
-434335317 2
415459990 3
800936855 3
280996984 1
74835577 1
-176167159 2
-167093338 1
-756832262 2
410159041 2
-21191925 1
944731203 3
-376577367 3
144159635 1
714766934 2
16154826 1
928032776 3
-889800071 2
-725905955 1
382274864 3
864474252 2
-389036657 3
-252405986 3
-888851293 3
-752503313 2
-544935017 1
-456488098 1
469975642 3
451506510 1
264446407 2
402338619 1
400455515 3
-719735743 3
-468888174 1
-174014114 1
667553791 3
-374944307 1
29078306 2
-797948161 1
-57115417 3
-954007675 2
908147112 1
561186842 3
938835660 1
-75953774 1
650075693 3
-539252394 1
159855915 1
519653596 3
-373136263 2
728200466 2
-895790639 2
-766564458 3
-126021473 3
-702779901 2
-349673298 3
520467435 1
-800113800 2
-530113010 3
-924813382 3
834020373 1
710582628 1
-205365840 3
565468576 2
129457511 2
-325285474 1
-778157487 2
-986870948 2
-268451755 2
-727705109 2
35721108 1
51497444 1
23115894 3
-862449692 3
204704902 2
616349921 3
-322853310 2
149081257 1
698724939 2
-374982487 2
-450087639 1
377170149 3
45350125 3
619108318 3
294948880 3
98699174 2
-544680287 2
420955543 3
-659735267 3
-871663770 3
-350438499 1
-647892459 1
243183316 3
-727528194 3
828713616 3
51178547 3
912544308 3
-591998090 1
-906002757 2
563656358 3
883642939 3
-220651472 1
-164282601 3
-903012878 1
461339769 2
554981122 3
187494913 2
245661827 3
525581231 1
13322957 1
-309216260 1
-862296754 1
457167413 1
-413625619 3
145011614 3
261630959 1
-211054223 3
81078182 3
774612424 1
257922910 1
499804235 1
809830005 1
-483075362 2
-539823379 2
-60178719 2
-849900683 3
172318192 3
-238781567 3
-959637349 3
-333264237 1
-944474804 2
-135868203 1
261220288 1
578999746 1
-546526633 2
-375551259 1
-555432370 2
-66060205 3
180085607 1
13043625 3
-251103180 1
-205846799 1
123736 3
-427236217 2
-859082052 1
690923750 2
956500912 3
908243281 1
953927687 3
469042533 3
-861789961 3
331099857 1
-119879289 3
767856845 3
29605090 1
115935650 1
368775320 3
-354382895 2
895721701 3
-299130717 2
819237490 3
195565982 1
-216356273 2
440967270 1
-623600373 2
-690468036 2
-314348753 3
934199854 3
195872946 3
-313027772 2
-160128751 3
-450593696 3
9279992 2
181970726 2
-831703237 3
-540546918 1
-525791609 2
465935034 3
-337633549 2
-319257838 3
716571033 2
-135335831 3
18792401 3
-872846620 2
690996080 3
858966767 1
-797455437 1
-921452720 2
203085938 2
-416176902 3
235012233 1
396622127 1
-981442118 1
86534325 2
-574541011 2
-26637192 1
-146672676 1
611721726 3
200830949 1
35833825 1
743165911 3
124943681 2
-961323316 3
-916338507 2
410121201 1
309304793 1
17409238 1
16362042 2
-280122783 2
331784937 1
389743757 1
116080466 3
-768573733 1
74341847 1
-324756804 3
-726478786 1
-169569421 2
-453879170 1
-374630118 3
611366007 3
-699907067 2
551159578 2
-539338564 2
877342913 3
-295249807 3
-27112040 2
-158666260 2
259706867 3
-394099665 2
918661945 2
589087267 2
-815370873 2
929568218 1
666901519 1
-765693192 3
-493081028 3
-432944644 2
-409738112 3
-190437987 3
-380477842 3
-467699764 2
323387952 1
-861509823 2
99789403 1
111307144 1
167645679 3
247716928 2
-961828261 1
167252422 3
-417236277 1
-661631097 2
-399239879 1
520741525 2
486617457 3
-364229233 1
-882550697 1
-557166252 3
-181090749 2
834574873 2
473721304 3
856510185 3
-577507042 1
-815347454 3
-566952086 2
-976170690 1
-866900611 1
594926073 1
-670796886 3
635213405 2
903419398 2
-447932564 3
613540545 2
-779327897 1
507711955 3
400436435 2
564553512 3
760155851 3
-608215790 2
763611740 1
701822993 3
751298660 2
463994137 2
874778199 3
194574536 1
562486192 2
107926437 1
-293495170 1
890988205 1
95671681 3
865465274 2
439776694 2
486797581 2
629627873 3
843787262 3
108489515 3
89134246 1
65619367 3
-533736918 2
-317713551 1
800350806 1
835400439 2
576980726 2
170276482 3
-66884077 1
-984771970 2
251337676 1
81891398 2
450834301 1
-594818952 2
753085766 2
336397436 2
157334570 3
-890488645 3
-540913208 2
818017183 2
730792943 3
688994979 1
3055492 2
-490107703 2
705184460 1
-745158006 2
879501653 2
239508777 2
46318354 3
503726933 2
732959866 2
847566214 3
268272145 1
-690747129 1
-718866059 3
975041779 2
-974278867 3
21126017 2
-89733348 3
-316018252 1
-977972280 1
-991380372 1
85251212 2
557497194 1
618108826 1
-745296545 1
-141383741 3
-90672107 3
-637938819 3
589764048 2
-577245862 3
592683992 2
-477792929 3
-92816125 1
-376231401 1
677539304 1
-983239206 3
-32963126 1
-416099024 3
155711181 1
-938789170 2
-150578575 1
-262009498 3
-327741531 3
725078060 3
704198603 2
21972512 2
-2862782 2
-630651837 2
-74786198 3
634179835 3
-963049135 1
198769822 1
597065140 2
-888575403 2
-590334774 3
-942649638 2
794587694 2
997435848 1
548258851 2
-396942406 2
-383103645 1
-667354837 1
56840724 3
-482188324 3
-610944852 1
669170330 2
-109993214 1
907643475 2
-103730620 1
881609596 3
-664053034 1
-226044817 2
-766547917 1
409394724 1
-864599603 3
-223493858 3
670207091 2
-767260868 1
369575485 2
-138352571 3
259420551 1
-402660148 2
180181457 3
388551351 3
377413147 3
-349386919 3
201064808 3
873067869 3
546186807 1
226970381 2
581144523 1
945043504 1
-417095229 1
993023565 3
448693608 3
-832609259 2
337119297 3
783095056 2
520885260 3
448109392 1
-995917170 1
-534947388 1
-289483699 3
478303187 1
-260828190 1
-582306495 3
-204094509 2
-700616822 2
-190452499 2
-141265591 1
-340737231 2
-489264917 3
583449987 1
79569697 1
380615398 2
-919705281 3
-570888443 1
278905757 2
-480942238 3
-532936144 2
72433523 1
769892432 2
-392596921 3
-25147563 2
-716073904 3
23993024 2
473455774 1
227390879 3
333750009 3
-173708546 2
829705060 3
-788551943 3
-584915126 2
35896426 2
378735887 1
-521757757 3
770371966 3
328489879 2
46757963 2
559487002 3
-174006998 1
-774094170 3
749561725 2
-68016082 3
235751832 3
477340576 3
-175907696 2
56220876 3
-671065406 2
-81195839 1
711024545 1
815241345 3
-364423941 1
69467421 1
472518 1
-745918545 2
291675622 1
-298205514 1
-296728900 1
628308907 2
170911859 2
-796900855 1
103049498 2
-870570106 2
723216527 1
334735282 2
-628052358 1
659744784 3
21909816 1
-33927564 2
-645021964 3
199673027 3
-857899518 2
-299326434 1
665865859 2
-982468078 2
986758071 3
-357360219 1
63313354 1
-622117274 2
363595329 2
211080364 3
116187357 2
964911829 1
-668254327 1
799967746 3
377046828 2
-643617423 1
-334752043 2
-109921254 2
802051421 2
187790285 3
956826677 3
-32502047 1
-842700411 2
953438468 3
960391977 3
492186716 3
-107417697 1
-9763798 3
-333450065 3
-197923329 3
-178210339 3
77982537 3
248557956 2
748808801 1
100963990 2
-225179048 1
-224658706 3
-476583664 2
-315661252 3
-411338921 3
448981992 3
594156375 1
355605391 2
140034375 2
-300152006 1
577900045 3
-121871393 2
-658990664 3
-888404556 2
670993723 2
-249659760 2
222614573 1
-742808450 1
171934643 1
154272042 3
-396481935 1
840510061 1
406850632 3
-309377399 1
-724073791 2
676811513 3
782364262 2
363470747 2
103407997 2
-351975467 1
287285575 2
111041660 2
-11320793 3
284335066 3
823071619 3
-43706377 3
328343444 3
104869978 3
-888701387 3
820928533 2
-616010508 2
-552376040 1
-791012925 1
698152946 2
-121029370 2
249393951 1
-249905816 2
-886418915 1
-881128075 3
882834495 3
-318965411 2
-672516179 2
474200698 3
-933505985 1
-156037740 1
-321178607 3
681489092 2
443572081 1
-305437873 2
-441611234 1
-725768071 2
-257032573 1
-728431305 2
527322984 2
720075947 2
516310773 2
267998642 2
-520273984 2
693781298 1
961710032 2
97592744 1
27037396 2
739067588 2
-649575175 2
-881189330 3
-619107850 1
273613143 2
977128148 3
542682398 1
750663028 2
-463446559 3
180264555 1
81004061 3
-61408070 2
-128398273 1
-841175705 3
-596525663 3
511516071 3
-559050472 1
-644719454 1
-284664873 2
524817040 1
88662665 3
295334911 1
562965947 1
-731394662 1
-693088793 3
-904306734 3
-350933227 1
-588288967 2
973927956 2
-857850875 1
-179812721 3
-984437074 3
71129571 1
720226956 1
663512417 1
465289060 3
-49717169 1
84993100 3
542479503 2
-26244009 2
-918590123 2
-214723271 3
25713023 1
-725988750 1
-595736356 1
-940816033 1
4701435 3
223372881 2
354716861 1
297356615 1
278489552 1
-561890380 2
597279518 1
201858384 2
-615175973 1
-873808716 1
139477921 3
-951597799 1
-857051874 2
754917867 1
-850028115 1
-241907435 3
201300264 3
702238557 3
910170214 1
-916954709 3
830306535 1
-77255221 1
-298244544 1
108551246 2
880216337 3
480143171 3
-442329086 3
-828227214 2
-834843747 3
-811031366 3
301019685 3
-840930453 2
689718826 1
-469465362 2
-467005374 2
848593736 1
541913985 2
-673203515 3
777802765 2
-373095069 3
-475774189 3
979636649 2
750513054 3
52611011 3
715073807 3
920221363 1
295861270 2
471061608 3
-613003168 1
635826801 1
-478247916 2
871755749 2
39943657 2
187618426 1
-382235768 2
-72474625 1
-367389585 1
-930563318 2
-672500949 2
806460661 1
350417092 2
-322269690 2
214310254 3
-690090490 1
-396384123 1
-82028654 1
-99954108 2
-567901365 1
678650505 1
683059743 2
-313634758 1
-553771151 2
-296268216 3
252757533 2
-582925883 2
-655191392 2
-114249859 3
-472752022 1
100502861 3
397950993 2
-490978480 3
-17671793 3
-810666958 1
581475133 2
-55355504 3
991645642 2
-876696743 3
595974229 2
-248830983 1
836435247 1
135310768 3
-721823699 1
606808574 2
-381689265 1
743035257 3
976074106 1
-11874782 1
-698349040 3
-956504831 2
-577446219 1
403554097 1
762941300 1
-540299124 2
493514430 1
295264067 3
-160513339 1
512006635 3
881606330 3
491454460 1
364764720 3
-588466278 2
-807217358 2
-592417973 2
928083298 3
-784397139 2
440540283 3
-864022759 1
-473445302 3
235501416 3
-879423242 3
758873720 1
-223644876 2
-117861739 3
-609425122 1
-42291710 2
-27795888 3
-456019662 3
852814082 3
-116047730 1
675115672 3
421679706 3
298555174 3
719816418 2
223574312 2
792153850 3
-263505077 2
-44568031 2
626802294 2
350045928 2
-806581537 2
-781967843 3
101461602 2
140033562 2
-314763700 3
284455248 2
86281270 2
-513970456 2
-180524157 1
-60127050 1
936163590 1
442979825 3
958732069 3
31570446 2
570656582 3
-751451861 1
-722196107 1
184217226 2
961846262 3
-300670497 1
460295969 2
-99595182 3
-611886946 3
-64873658 3
73557473 3
-874811005 1
-257716431 3
-552084094 3
-88060385 2
158061966 2
-217501450 1
-348468360 1
411418439 2
712180112 3
504983175 3
-858286118 2
-325082644 1
871366172 2
500151223 1
-655614380 1
427275809 1
-70640084 3
-917535594 1
547922104 2
-472724392 1
399512395 1
500209941 3
504269780 3
315466051 3
549565524 3
-231614491 1
426939809 1
461005763 2
-452477072 1
748951163 3
-306564656 1
599602804 3
-180277783 3
971365212 2
-331580035 1
234008055 3
440192303 1
-335936626 1
700896739 1
-733294357 3
71563838 2
-783182105 2
-733480313 1
370404669 2
440306970 2
553341359 1
-237303053 1
-635442505 3
-531140897 3
251089788 3
-568176233 1
-303958868 1
92340514 1
447329337 1
-932881341 1
-471144551 3
-78648267 3
782632778 2
325084782 3
765321097 2
337646281 3
-791187888 2
360786369 2
-954293771 3
93053137 3
-982339723 1
265500289 3
-766976769 1
36945463 2
434641679 1
-877859114 2
-913641889 -669340420 430551532 51147713 990556360 -590543566 -790926931 -910498510 -339429881 -718099643 236218512 913134627 -829251514 733554646 566864438 713861455 756447460 -634899863 -334880473 -167587297 -279254649 -471078601 820431285 -981531767 204166781 -323844177 -613706817 766118619 4094121 292973239 -974582402 -903822259 427870918 779829490 -990718972 -825979846 -256334393 -720161289 811947484 91519079 -770598415 662136011 207443483 -64167521 -195134128 -898850962 -438500465 -633625435 591641444 988110419 81267585 592980072 -477120587 857404651 232084094 -143602323 -800240615 662748870 -110888009 -555200816 -148418192 538598280 -453122722 -764889896 559560879 922410177 -102806276 -66453467 623319327 -764297120 -340150682 -305820196 -815393824 799186349 972546712 934409827 773393469 331048609 -364845037 -675674683 -319905516 -359111995 -356351736 318130871 65695173 454775241 -587843082 -537274215 -562537272 -927015539 -794024447 -694771396 -871465057 516088449 -432272695 -745474958 -458140894 -924026047 -716960318 720579546 -647061709 808473639 -943172237 -248064998 189426054 651354078 146098309 835882243 -921610070 369077855 -466844591 -450091223 -879765799 -29885303 -91019541 -271685643 162567201 -895644093 932687896 -135016800 157617001 921142676 -955693913 495777661 76861817 184631846 986699266 231399193 -852018306 448195794 426090286 -682431886 -675790159 -586278118 596867428 78676301 262548217 -367342310 556874026 168662871 542073432 544711000 340815028 97907201 722660111 -91233260 -423995104 -201462864 -331175070 475455383 -214186366 808206599 -683009362 -359358237 85383551 -375613565 -869776357 225650870 -993776325 -944591747 -534169534 749872678 43108795 -333106130 200580456 819822740 -319999248 299028546 -472981492 485997649 167989777 216144194 838620199 376772572 485013956 327022658 19184580 -514465141 -237060003 -582684822 194206541 645519138 -764961839 807378797 -876368410 71005291 646075451 -118109738 335933314 769355884 690865474 882255251 -195173282 -610449490 -714913280 518998121 -825863352 -735519037 8071587 -547343375 343435775 342523661 -297992010 -361540693 874099357 318606425 -879606295 -752302287 119581747 6655415 805173236 -140005135 -566853345 -116568893 -965832266 408270752 715965466 -618514783 936847601 287246924 601535644 180702848 -761117579 -166820368 -762779064 325560269 897360184 896864969 -864172398 415572165 -436394978 -302232167 -722880975 -460581513 808534900 435477108 -296163176 891478172 -978260223 78967595 763982197 -322151273 -958392199 -658044805 -366754872 536010381 160224248 -669959996 -959856391 220609962 -289228751 -844964047 786028254 325855048 107206330 -215626887 -600575055 892193120 563630373 -969026329 360320515 923040114 545452541 -196115119 -415146421 119902964 602091267 -315132463 -815257747 788898395 151253026 -465458755 -513846937 426560408 438349753 940997487 -649757971 -321176255 -691822665 971135329 -344023263 473295712 951807370 967733401 -963470198 -540230804 345038428 739696514 225350456 820780139 111140867 -274140154 574039687 -635977703 717888928 169071550 256562919 -226360202 356742145 788927183 -976454048 163110340 429775465 176016368 -649423355 -190620209 718333569 651582431 213189855 -561647197 -838456165 520458074 -947763923 570781080 191320813 -809091174 -269807114 814061064 56858863 -816091768 -363924392 724962375 -927832623 661270802 847824580 74213146 -924483978 469302673 77186722 -145851111 -279447293 -351792034 -736968074 66502038 283569969 -350233570 29483011 462275833 569117290 -515727689 900499424 -657473174 -74179913 355866197 144039388 961881554 66495756 644160246 97463696 374562393 -241281861 -377064104 -996801869 593403713 -641749744 -466961100 653867955 -876940455 -286963596 983909846 -712257731 507872417 -890810451 -426274787 -797870444 -889499099 -988590497 672390668 -566791864 498083444 69964259 -106683594 -607112249 -732169157 -838304234 -21126596 824537646 442047698 -147291485 929477751 92529583 -905131121 231312929 -756625682 -280479119 -948128729 -658685342 -241676229 868305199 921539290 356408852 24420866 -299316371 613946584 -43521882 559590550 882256996 -928541774 593070525 594430548 649243294 968610913 -841716010 -280157303 -124260863 -618972061 -122166825 -517582058 -374312968 -491741486 -481237902 51216665 -747338228 343358276 363932847 901836090 -69140246 666901376 848519338 520751689 -437377626 391218176 781653062 -642622400 -515351268 376222556 -410300799 -827800422 -995755145 -512076586 844406078 231822918 947430640 169674609 497083925 887407120 448387981 -850807030 473365995 393049199 571653527 494338738 -200858603 -712061023 -711052666 408733903 429452814 -599774001 165290532 -534804144
